
PC       BR        IR   BEx_TOS  BEx_S[TOS]  BEx_EA  BEx_(EA)   TOS   S[TOS]      EA       (EA)

HEX      HEX       HEX     HEX   HEX         HEX         HEX     HEX      HEX     HEX       HEX

0b      0000      0013      NA      NA        NA        NA       0      0010       NA        NA 
0c      0000      dc01      0      0010      0001      0010      NA      NA       0001      0010
0d      0000      0013      NA      NA        NA        NA       0      0001       NA        NA 
0e      0000      dc02      0      0001      0002      0001      NA      NA       0002      0001
0f      0000      0013      NA      NA        NA        NA       0      0001       NA        NA 
10      0000      dc03      0      0001      0003      0001      NA      NA       0003      0001
11      0000      0013      NA      NA        NA        NA       0      0002       NA        NA 
12      0000      dc04      0      0002      0004      0002      NA      NA       0004      0002
13      0000      0013      NA      NA        NA        NA       0      001e       NA        NA 
14      0000      dc05      0      001e      0005      001e      NA      NA       0005      001e
15      0000      d800      NA      NA       0000      0001      0      0001      0000      0001
16      0000      d801      0      0001      0001      0010      1      0010      0001      0010
17      0000      d802      1      0010      0002      0001      2      0001      0002      0001
18      0000      000c      2      0001       NA        NA       3      0001       NA        NA 
3d      0000      c03d      3      0001      003d        NA      2      0001      003d        NA
3e      0000      dc07      2      0001      0007      0001      1      0010      0007      0001
3f      0000      dc08      1      0010      0008      0010      0      0001      0008      0010
40      0000      d807      0      0001      0007      0001      1      0001      0007      0001
41      0000      d808      1      0001      0008      0010      2      0010      0008      0010
19      0000      bc19      2      0010      0019      dc02      2      0010      0019      dc02
1a      0000      dc02      2      0010      0002      0010      1      0001      0002      0010
1b      0000      dc01      1      0001      0001      0001      0      0001      0001      0001
1c      0000      d802      0      0001      0002      0010      1      0010      0002      0010
1d      0000      d803      1      0010      0003      0001      2      0001      0003      0001
1e      0000      000c      2      0001       NA        NA       3      0001       NA        NA 
42      0000      c042      3      0001      0042      dc07      2      0001      0042      dc07
43      0000      dc07      2      0001      0007      0001      1      0010      0007      0001
44      0000      dc08      1      0010      0008      0010      0      0001      0008      0010
45      0000      d807      0      0001      0007      0001      1      0001      0007      0001
46      0000      d808      1      0001      0008      0010      2      0010      0008      0010
1f      0000      bc1f      2      0010      001f      dc03      2      0010      001f      dc03
20      0000      dc03      2      0010      0003      0010      1      0001      0003      0010
21      0000      dc02      1      0001      0002      0001      0      0001      0002      0001
22      0000      d803      0      0001      0003      0010      1      0010      0003      0010
23      0000      d804      1      0010      0004      0002      2      0002      0004      0002
24      0000      000c      2      0002       NA        NA       3      0001       NA        NA 
47      0000      c047      3      0001      0047      dc07      2      0002      0047      dc07
48      0000      dc07      2      0002      0007      0002      1      0010      0007      0002
49      0000      dc08      1      0010      0008      0010      0      0001      0008      0010
4a      0000      d807      0      0001      0007      0002      1      0002      0007      0002
4b      0000      d808      1      0002      0008      0010      2      0010      0008      0010
25      0000      bc25      2      0010      0025      dc04      2      0010      0025      dc04
26      0000      dc04      2      0010      0004      0010      1      0002      0004      0010
27      0000      dc03      1      0002      0003      0002      0      0001      0003      0002
28      0000      d804      0      0001      0004      0010      1      0010      0004      0010
29      0000      d805      1      0010      0005      001e      2      001e      0005      001e
2a      0000      000c      2      001e       NA        NA       3      0000       NA        NA 
2b      0000      c04c      3      0000      004c      dc07      2      001e      004c      dc07
2c      0000      dc05      2      001e      0005      001e      1      0010      0005      001e
2d      0000      dc04      1      0010      0004      0010      0      0001      0004      0010
2e      0000      9409      0      0001      0009      0001      0      0002      0009      0001
2f      0000      dc09      0      0002      0009      0002      NA      NA       0009      0002
30      0000      d809      NA      NA       0009      0002      0      0002      0009      0002
31      0000      b006      0      0002      0006      0010      1      0000      0006      0010
15      0000      c415      1      0000      0015        NA      0      0002      0015        NA
16      0000      d801      0      0002      0001      0001      1      0001      0001      0001
17      0000      d802      1      0001      0002      0001      2      0001      0002      0001
18      0000      000c      2      0001       NA        NA       3      0000       NA        NA 
19      0000      c03d      3      0000      003d        NA      2      0001      003d        NA
1a      0000      dc02      2      0001      0002      0001      1      0001      0002      0001
1b      0000      dc01      1      0001      0001      0001      0      0002      0001      0001
1c      0000      d802      0      0002      0002      0001      1      0001      0002      0001
1d      0000      d803      1      0001      0003      0002      2      0002      0003      0002
1e      0000      000c      2      0002       NA        NA       3      0000       NA        NA 
1f      0000      c042      3      0000      0042        NA      2      0002      0042        NA
20      0000      dc03      2      0002      0003      0002      1      0001      0003      0002
21      0000      dc02      1      0001      0002      0001      0      0002      0002      0001
22      0000      d803      0      0002      0003      0002      1      0002      0003      0002
23      0000      d804      1      0002      0004      0010      2      0010      0004      0010
24      0000      000c      2      0010       NA        NA       3      0000       NA        NA 
25      0000      c047      3      0000      0047        NA      2      0010      0047        NA
26      0000      dc04      2      0010      0004      0010      1      0002      0004      0010
27      0000      dc03      1      0002      0003      0002      0      0002      0003      0002
28      0000      d804      0      0002      0004      0010      1      0010      0004      0010
29      0000      d805      1      0010      0005      001e      2      001e      0005      001e
2a      0000      000c      2      001e       NA        NA       3      0000       NA        NA 
2b      0000      c04c      3      0000      004c        NA      2      001e      004c        NA
2c      0000      dc05      2      001e      0005      001e      1      0010      0005      001e
2d      0000      dc04      1      0010      0004      0010      0      0002      0004      0010
2e      0000      9409      0      0002      0009      0002      0      0004      0009      0002
2f      0000      dc09      0      0004      0009      0004      NA      NA       0009      0004
30      0000      d809      NA      NA       0009      0004      0      0004      0009      0004
31      0000      b006      0      0004      0006      0010      1      0000      0006      0010
15      0000      c415      1      0000      0015      d801      0      0004      0015      d801
16      0000      d801      0      0004      0001      0001      1      0001      0001      0001
17      0000      d802      1      0001      0002      0001      2      0001      0002      0001
18      0000      000c      2      0001       NA        NA       3      0000       NA        NA 
19      0000      c03d      3      0000      003d        NA      2      0001      003d        NA
1a      0000      dc02      2      0001      0002      0001      1      0001      0002      0001
1b      0000      dc01      1      0001      0001      0001      0      0004      0001      0001
1c      0000      d802      0      0004      0002      0001      1      0001      0002      0001
1d      0000      d803      1      0001      0003      0002      2      0002      0003      0002
1e      0000      000c      2      0002       NA        NA       3      0000       NA        NA 
1f      0000      c042      3      0000      0042        NA      2      0002      0042        NA
20      0000      dc03      2      0002      0003      0002      1      0001      0003      0002
21      0000      dc02      1      0001      0002      0001      0      0004      0002      0001
22      0000      d803      0      0004      0003      0002      1      0002      0003      0002
23      0000      d804      1      0002      0004      0010      2      0010      0004      0010
24      0000      000c      2      0010       NA        NA       3      0000       NA        NA 
25      0000      c047      3      0000      0047        NA      2      0010      0047        NA
26      0000      dc04      2      0010      0004      0010      1      0002      0004      0010
27      0000      dc03      1      0002      0003      0002      0      0004      0003      0002
28      0000      d804      0      0004      0004      0010      1      0010      0004      0010
29      0000      d805      1      0010      0005      001e      2      001e      0005      001e
2a      0000      000c      2      001e       NA        NA       3      0000       NA        NA 
2b      0000      c04c      3      0000      004c        NA      2      001e      004c        NA
2c      0000      dc05      2      001e      0005      001e      1      0010      0005      001e
2d      0000      dc04      1      0010      0004      0010      0      0004      0004      0010
2e      0000      9409      0      0004      0009      0004      0      0008      0009      0004
2f      0000      dc09      0      0008      0009      0008      NA      NA       0009      0008
30      0000      d809      NA      NA       0009      0008      0      0008      0009      0008
31      0000      b006      0      0008      0006      0010      1      0000      0006      0010
15      0000      c415      1      0000      0015        NA      0      0008      0015        NA
16      0000      d801      0      0008      0001      0001      1      0001      0001      0001
17      0000      d802      1      0001      0002      0001      2      0001      0002      0001
18      0000      000c      2      0001       NA        NA       3      0000       NA        NA 
19      0000      c03d      3      0000      003d        NA      2      0001      003d        NA
1a      0000      dc02      2      0001      0002      0001      1      0001      0002      0001
1b      0000      dc01      1      0001      0001      0001      0      0008      0001      0001
1c      0000      d802      0      0008      0002      0001      1      0001      0002      0001
1d      0000      d803      1      0001      0003      0002      2      0002      0003      0002
1e      0000      000c      2      0002       NA        NA       3      0000       NA        NA 
1f      0000      c042      3      0000      0042        NA      2      0002      0042        NA
20      0000      dc03      2      0002      0003      0002      1      0001      0003      0002
21      0000      dc02      1      0001      0002      0001      0      0008      0002      0001
22      0000      d803      0      0008      0003      0002      1      0002      0003      0002
23      0000      d804      1      0002      0004      0010      2      0010      0004      0010
24      0000      000c      2      0010       NA        NA       3      0000       NA        NA 
25      0000      c047      3      0000      0047        NA      2      0010      0047        NA
26      0000      dc04      2      0010      0004      0010      1      0002      0004      0010
27      0000      dc03      1      0002      0003      0002      0      0008      0003      0002
28      0000      d804      0      0008      0004      0010      1      0010      0004      0010
29      0000      d805      1      0010      0005      001e      2      001e      0005      001e
2a      0000      000c      2      001e       NA        NA       3      0000       NA        NA 
2b      0000      c04c      3      0000      004c        NA      2      001e      004c        NA
2c      0000      dc05      2      001e      0005      001e      1      0010      0005      001e
2d      0000      dc04      1      0010      0004      0010      0      0008      0004      0010
2e      0000      9409      0      0008      0009      0008      0      0010      0009      0008
2f      0000      dc09      0      0010      0009      0010      NA      NA       0009      0010
30      0000      d809      NA      NA       0009      0010      0      0010      0009      0010
31      0000      b006      0      0010      0006      0010      1      0000      0006      0010
15      0000      c415      1      0000      0015        NA      0      0010      0015        NA
16      0000      d801      0      0010      0001      0001      1      0001      0001      0001
17      0000      d802      1      0001      0002      0001      2      0001      0002      0001
18      0000      000c      2      0001       NA        NA       3      0000       NA        NA 
19      0000      c03d      3      0000      003d        NA      2      0001      003d        NA
1a      0000      dc02      2      0001      0002      0001      1      0001      0002      0001
1b      0000      dc01      1      0001      0001      0001      0      0010      0001      0001
1c      0000      d802      0      0010      0002      0001      1      0001      0002      0001
1d      0000      d803      1      0001      0003      0002      2      0002      0003      0002
1e      0000      000c      2      0002       NA        NA       3      0000       NA        NA 
1f      0000      c042      3      0000      0042        NA      2      0002      0042        NA
20      0000      dc03      2      0002      0003      0002      1      0001      0003      0002
21      0000      dc02      1      0001      0002      0001      0      0010      0002      0001
22      0000      d803      0      0010      0003      0002      1      0002      0003      0002
23      0000      d804      1      0002      0004      0010      2      0010      0004      0010
24      0000      000c      2      0010       NA        NA       3      0000       NA        NA 
25      0000      c047      3      0000      0047        NA      2      0010      0047        NA
26      0000      dc04      2      0010      0004      0010      1      0002      0004      0010
27      0000      dc03      1      0002      0003      0002      0      0010      0003      0002
28      0000      d804      0      0010      0004      0010      1      0010      0004      0010
29      0000      d805      1      0010      0005      001e      2      001e      0005      001e
2a      0000      000c      2      001e       NA        NA       3      0000       NA        NA 
2b      0000      c04c      3      0000      004c        NA      2      001e      004c        NA
2c      0000      dc05      2      001e      0005      001e      1      0010      0005      001e
2d      0000      dc04      1      0010      0004      0010      0      0010      0004      0010
2e      0000      9409      0      0010      0009      0010      0      0020      0009      0010
2f      0000      dc09      0      0020      0009      0020      NA      NA       0009      0020
30      0000      d809      NA      NA       0009      0020      0      0020      0009      0020
31      0000      b006      0      0020      0006      0010      1      0001      0006      0010
32      0000      c415      1      0001      0015      d801      0      0020      0015      d801
33      0000      d805      0      0020      0005      001e      1      001e      0005      001e
34      0000      d804      1      001e      0004      0010      2      0010      0004      0010
35      0000      d803      2      0010      0003      0002      3      0002      0003      0002
36      0000      d802      3      0002      0002      0001      4      0001      0002      0001
37      0000      d801      4      0001      0001      0001      5      0001      0001      0001
38      0000      0014      5      0001       NA        NA       4      0001       NA        NA 
39      0000      0014      4      0001       NA        NA       3      0002       NA        NA 
3a      0000      0014      3      0002       NA        NA       2      0010       NA        NA 
3b      0000      0014      2      0010       NA        NA       1      001e       NA        NA 
3c      0000      0014      1      001e       NA        NA       0      0020       NA        NA 